1510315809
1510557275
1510559327
1510560493
1510564878
1510565778
1510565820
1510565862
1510569006
1510569308
1510569379
1510569530
1510573839
1510673460
1510673490
1510673806
1510673816
1510673927
1510674012
1510674092
1510674119
1510674157
1510674199
1510674404
1510674417
1510674441
1510674491
1510674507
1510674529
1510674555
1510674631
1510674677
1510674735
1510674767
1510674847
1510674918
1510674942
1510732059
1510732171
1510732413
1510732605
1510732607
1510732638
1510732744
1510732766
1510732805
1510732899
1510733092
1510733264
1510733343
1510733489
1510733528
1510733546
1510733688
1510812932
1510813892
1510813989
1510814005
1510814091
1510814169
1510814182
1510814245
1510814257
1510821637
1510821686
1510821910
1510821969
1510822396
1510822451
1510822571
1510822621
1510822623
1510822673
1510822724
1510824801
1510824828
1510824852
1510824894
1510824926
1510825027
1510825043
1510825078
1510825335
1510825395
1510825707
1510825714
1510825738
1510825855
1510825868
1510825959
1510825978
1510826098
1510826100
1510826155
1510826238
1510826263
1510826310
1510826362
1510826415
1510826447
1510828001
1510828310
1510828326
1510828359
1510828375
1510828440
1510828475
1510828526
1510828603
1510828623
1510828814
1511879818
1511879877
1511879894
1511879954
1511879964
1511880022
1511880197
1511880491
1511880792
1511880854
1511936278
1511936455
1511936481
1511936557
1511937696
1511938193
1511938294
1511938319
1511938569
1511938601
1511939213
1511939234
1511939290
1511940137
1511940178
1511942093
1511945323
1511947232
1511947305
1511947334
1511947795
1511947874
1511948021
1511948962
1511950534
1511950618
1511951321
1511951996
1511952051
1511952160
1511952342
1511952684
1512375085
1512375091
1512375187
1512375225
1512377128
1512556060
1512556071
1512556270
1512556470
1512560456
1512560547
1512572504
1512573122
1512573292
1512573303
1512573499
1512573595
1512573677
1512573690
1512576211
1512576226
1512576271
1512576487
1512577008
1512631917
1512633032
1512633372
1512633468
1512633764
1512633927
1512633942
1512633965
1512633971
1512633978
1512634132
1512634150
1512634159
1512634187
1512634212
1512634235
1512634390
1512634448
1512634608
1512634626
1512640440
1512640457
1512640593
1512640634
1512640659
1512640806
1512641039
1512641140
1512641189
1512641200
1512641218
1512641275
1512641313
1512641354
1512641378
1512641421
1512641436
1512641440
1512641523
1512641596
1512641616
1512641617
1512641617
1512641618
1512641618
1512641619
1512641619
1512641619
1512641619
1512641620
1512641620
1512641620
1512641620
1512641620
1512641620
1512641621
1512641622
1512641622
1512641622
1512641622
1512641623
1512641624
1512641624
1512641624
1512641624
1512641624
1512641624
1512641625
1512641625
1512641626
1512641626
1512641626
1512641628
1512641629
1512646573
1512646825
1512647245
1512647265
1512647388
1512647428
1512647447
1512647659
1512647684
1512647708
1512647771
1512647785
1512647799
1512647811
1512647825
1512647859
1512652267
1512652285
1512652302
1512652388
1512652406
1512652422
1512652447
1512652463
1512652486
1512652708
1512652722
1512652735
1512652747
1512652763
1512657735
1512657865
1512657885
1512658229
1512658244
1512658257
1512658455
1512658469
1512717064
1512717083
1512717099
1512717115
1512717127
1512717142
1512717155
1512717167
1512719684
1512719692
1512723603
1512723661
1512723737
1512723756
1512733224
1512733289
1512733367
1518610688
1519057222
1519057252
1519057256
1519057394
1519057454
1519058984
1519059125
1519059246
1519059277
1519059299
1519059637
1519059670
1519108250
